% -------------------------------------------------------------------
%  MATLAB file generated by Simulink.saveVars on 6-Jan-2015 17:50:07
%  MATLAB version: 8.0.0.783 (R2012b)
% -------------------------------------------------------------------
                               

iCub_dmodel = struct;
iCub_dmodel.NB = 25;
iCub_dmodel.f_ext_map_from = [2 3 4 5 6 7 8 9 10 11 12 13 14 15 16 17 18 ...
                              19 20 21 22 23 24 25 26];
iCub_dmodel.f_ext_map_to = [1 2 3 4 5 6 7 8 9 10 11 12 13 14 15 16 17 18 ...
                            19 20 21 22 23 24 25];
iCub_dmodel.parent = [0 1 2 0 4 5 6 7 3 9 10 11 12 8 0 15 16 17 18 3 20 ...
                      21 22 23 19];
iCub_dmodel.position_num = [1 2 3 4 5 6 7 8 9 10 11 12 13 14 15 16 17 18 ...
                            19 20 21 22 23 24 25];
iCub_dmodel.pitch = [0 0 0 0 0 0 0 0 0 0 0 0 0 0 0 0 0 0 0 0 0 0 0 0 0];
iCub_dmodel.Xtree = cell(1, 25);
iCub_dmodel.Xtree{1} = ...
  [3.6732051033336414E-6 -9.7471795711316283E-12 0.99999999999325373 0 ...
   0 0;
   -0.999999999989733 2.6535897930793064E-6 3.6732051033465739E-6 0 0 0 ...
   ;
   -2.6535897930972085E-6 -0.99999999999647926 -9.38582308036008E-22 0 ...
   0 0;
   0 0 0 3.6732051033336414E-6 -9.7471795711316283E-12 0.99999999999325373 ...
   ;
   0 0 0 -0.999999999989733 2.6535897930793064E-6 3.6732051033465739E-6 ...
   ;
   0 0 0 -2.6535897930972085E-6 -0.99999999999647926 -9.38582308036008E-22 ...
   ];
iCub_dmodel.Xtree{2} = ...
  [-3.6732051033465739E-6 -2.8327694488048792E-16 -0.99999999999325373 ...
   0 0 0;
   0.99999999998650746 -3.6732051036298518E-6 -3.6732051033217927E-6 0 ...
   0 0;
   -3.6732051036050706E-6 -0.99999999999325373 1.3492719009236731E-11 0 ...
   0 0;
   0 0.031999999999784118 -9.0648622361756122E-18 -3.6732051033465739E-6 ...
   -2.8327694488048792E-16 -0.99999999999325373;
   -9.8175956727777212E-57 1.1754256330629736E-7 -1.1754256331615527E-7 ...
   0.99999999998650746 -3.6732051036298518E-6 -3.6732051033217927E-6;
   -2.6727599999819688E-51 -4.3176700829557537E-13 -0.031999999999784118 ...
   -3.6732051036050706E-6 -0.99999999999325373 1.3492719009236731E-11];
iCub_dmodel.Xtree{3} = ...
  [-3.6732051033465739E-6 -2.8327694488048792E-16 -0.99999999999325373 ...
   0 0 0;
   0.99999999998650746 3.67320510362985E-6 -3.6732051033217944E-6 0 0 0 ...
   ;
   3.6732051036050706E-6 -0.99999999999325373 -1.349215245534697E-11 0 ...
   0 0;
   0 2.0202628068406155E-8 -5.7229387578134972E-24 -3.6732051033465739E-6 ...
   -2.8327694488048792E-16 -0.99999999999325373;
   2.020262806996418E-8 -0.0054999999999257908 1.5580231968321726E-18 0.99999999998650746 ...
   3.67320510362985E-6 -3.6732051033217944E-6;
   -0.0054999999999628948 -2.0202628069827887E-8 5.7229387589625385E-24 ...
   3.6732051036050706E-6 -0.99999999999325373 -1.349215245534697E-11];
iCub_dmodel.Xtree{4} = ...
  [-3.6732051033465739E-6 1.0195201156644615E-22 -0.99999999999325373 0 ...
   0 0;
   -0.999999999989733 2.6535897930972085E-6 3.6732051033336414E-6 0 0 0 ...
   ;
   2.6535897930793064E-6 0.99999999999647926 -9.7471795700910933E-12 0 ...
   0 0;
   0.06809999999954057 4.4041729189125425E-7 -2.5014526753790164E-7 -3.6732051033465739E-6 ...
   1.0195201156644615E-22 -0.99999999999325373;
   6.802014865533436E-8 0.11989999999876899 -0.068099999999300817 -0.999999999989733 ...
   2.6535897930972085E-6 3.6732051033336414E-6;
   0.11990000000024166 -3.1816541619020886E-7 1.8070946490870078E-7 2.6535897930793064E-6 ...
   0.99999999999647926 -9.7471795700910933E-12];
iCub_dmodel.Xtree{5} = ...
  [-0.999999999989733 -3.673205103394873E-6 -2.6535897931355571E-6 0 0 ...
   0;
   -2.6535897931176542E-6 -9.7474628471768352E-12 0.99999999999647926 0 ...
   0 0;
   -3.6732051034078064E-6 0.99999999999325373 2.8327668044296403E-16 0 ...
   0 0;
   0 0 0 -0.999999999989733 -3.673205103394873E-6 -2.6535897931355571E-6 ...
   ;
   0 0 0 -2.6535897931176542E-6 -9.7474628471768352E-12 0.99999999999647926 ...
   ;
   0 0 0 -3.6732051034078064E-6 0.99999999999325373 2.8327668044296403E-16 ...
   ];
iCub_dmodel.Xtree{6} = ...
  [2.6535897932735955E-6 1.2931849096629333E-17 0.99999999999647915 0 0 ...
   0;
   3.67321485055156E-6 -0.99999999999325362 -9.7471925040916909E-12 0 0 ...
   0;
   0.999999999989733 3.6732148505644921E-6 -2.6535897932556934E-6 0 0 0 ...
   ;
   0 0 0 2.6535897932735955E-6 1.2931849096629333E-17 0.99999999999647915 ...
   ;
   0 0 0 3.67321485055156E-6 -0.99999999999325362 -9.7471925040916909E-12 ...
   ;
   0 0 0 0.999999999989733 3.6732148505644921E-6 -2.6535897932556934E-6 ...
   ];
iCub_dmodel.Xtree{7} = ...
  [3.6732051593892621E-6 2.107342417799315E-8 -0.99999999999325351 0 0 ...
   0;
   0.999999999989733 -2.6535897932302642E-6 3.6732051034561071E-6 0 0 0 ...
   ;
   -2.6535897158053525E-6 -0.999999999996479 -2.1083171357496184E-8 0 0 ...
   0;
   4.712017695848393E-9 -8.2132867363943884E-7 1.8237142165259918E-22 3.6732051593892621E-6 ...
   2.107342417799315E-8 -0.99999999999325351;
   -5.9334267776628732E-7 -0.2235999999977043 4.9649124875194668E-17 0.999999999989733 ...
   -2.6535897932302642E-6 3.6732051034561071E-6;
   -0.22359999999921271 5.9334266045407685E-7 -1.3174840716890495E-22 -2.6535897158053525E-6 ...
   -0.999999999996479 -2.1083171357496184E-8];
iCub_dmodel.Xtree{8} = ...
  [-0.99999999999999978 1.224646799147353E-16 -2.1073424461344613E-8 0 ...
   0 0;
   -7.7284545605036027E-14 0.99999999999325373 3.673205103752315E-6 0 0 ...
   0;
   2.1073424461202897E-8 3.6732051037523158E-6 -0.99999999999325351 0 0 ...
   0;
   0 0 0 -0.99999999999999978 1.224646799147353E-16 -2.1073424461344613E-8 ...
   ;
   -4.4886394102362167E-9 -7.8239268709924321E-7 0.21299999999856298 -7.7284545605036027E-14 ...
   0.99999999999325373 3.673205103752315E-6;
   -1.6461608213872672E-14 0.21299999999856303 7.82392687099243E-7 2.1073424461202897E-8 ...
   3.6732051037523158E-6 -0.99999999999325351];
iCub_dmodel.Xtree{9} = ...
  [-3.6732051033465739E-6 2.277657448804879E-16 -0.99999999999325373 0 ...
   0 0;
   0.96592661852422423 0.25881608839824638 -3.5480465845864667E-6 0 0 0 ...
   ;
   0.25881608839650033 -0.96592661853074069 -9.5068457695264156E-7 0 0 ...
   0;
   0.11025999999925613 0.0052505263702558921 -4.0500759469379733E-7 -3.6732051033465739E-6 ...
   2.277657448804879E-16 -0.99999999999325373;
   0.037088736675085138 -0.13841726580727681 0.10786185342257172 0.96592661852422423 ...
   0.25881608839824638 -3.5480465845864667E-6;
   -0.13841717961297376 -0.037088340476124484 0.023465947159311724 0.25881608839650033 ...
   -0.96592661853074069 -9.5068457695264156E-7];
iCub_dmodel.Xtree{10} = ...
  [-3.6732051033465739E-6 -2.8327694488048792E-16 0.99999999999325373 0 ...
   0 0;
   0.99999999998650746 3.67320510362985E-6 3.6732051033217944E-6 0 0 0;
   -3.6732051036050706E-6 0.99999999999325373 -1.349215245534697E-11 0 ...
   0 0;
   0 0 0 -3.6732051033465739E-6 -2.8327694488048792E-16 0.99999999999325373 ...
   ;
   0 0 0 0.99999999998650746 3.67320510362985E-6 3.6732051033217944E-6;
   0 0 0 -3.6732051036050706E-6 0.99999999999325373 -1.349215245534697E-11 ...
   ];
iCub_dmodel.Xtree{11} = ...
  [0.2588160883982461 2.7362474147797467E-16 0.9659266185307408 0 0 0;
   -0.9659266185307408 1.2084330807868065E-17 0.2588160883982461 0 0 0;
   5.9145908483859883E-17 -1 2.6742904051277104E-16 0 0 0;
   0 3.0069423015175338E-20 -8.5179742861153636E-36 0.2588160883982461 ...
   2.7362474147797467E-16 0.9659266185307408;
   1.06220895456E-34 -1.7878558437302864E-18 4.7990305620575927E-34 -0.9659266185307408 ...
   1.2084330807868065E-17 0.2588160883982461;
   1.73472E-18 -1.3377303353497654E-35 -4.33681E-19 5.9145908483859883E-17 ...
   -1 2.6742904051277104E-16];
iCub_dmodel.Xtree{12} = ...
  [1 0 0 0 0 0;
   0 2.8327694488239893E-16 -0.99999999999999989 0 0 0;
   0 0.99999999999999989 2.8327694488239893E-16 0 0 0;
   0 0.15228 -9.36797E-18 1 0 0;
   -5.2505385805087467E-17 0.015 4.2491607906808851E-18 0 2.8327694488239893E-16 ...
   -0.99999999999999989;
   -0.15228 -4.2491607906808851E-18 0.015 0 0.99999999999999989 2.8327694488239893E-16 ...
   ];
iCub_dmodel.Xtree{13} = ...
  [-3.6732051033465739E-6 -2.8327694488048792E-16 -0.99999999999325373 ...
   0 0 0;
   0.99999999998650746 -3.6732051036298518E-6 -3.6732051033217927E-6 0 ...
   0 0;
   -3.6732051036050706E-6 -0.99999999999325373 1.3492719009236731E-11 0 ...
   0 0;
   0 -0.014999999999898806 4.2491541732073191E-18 -3.6732051033465739E-6 ...
   -2.8327694488048792E-16 -0.99999999999325373;
   0 -5.5098076549826886E-8 5.5098076554447775E-8 0.99999999998650746 -3.6732051036298518E-6 ...
   -3.6732051033217927E-6;
   0 2.0239078513855095E-13 0.014999999999898806 -3.6732051036050706E-6 ...
   -0.99999999999325373 1.3492719009236731E-11];
iCub_dmodel.Xtree{14} = ...
  [0.99999999999325373 3.6732051034078064E-6 1.0405343196197998E-21 0 0 ...
   0;
   0 2.83276944882399E-16 -1 0 0 0;
   -3.6732051034078064E-6 0.99999999999325373 2.8327694488048792E-16 0 ...
   0 0;
   0 0 0 0.99999999999325373 3.6732051034078064E-6 1.0405343196197998E-21 ...
   ;
   0 0 0 0 2.83276944882399E-16 -1;
   0 0 0 -3.6732051034078064E-6 0.99999999999325373 2.8327694488048792E-16 ...
   ];
iCub_dmodel.Xtree{15} = ...
  [-3.6732051033465739E-6 -1.0195201156644615E-22 -0.99999999999325373 ...
   0 0 0;
   -0.99999999999325373 2.2776574488258627E-16 3.6732051033465739E-6 0 ...
   0 0;
   2.2776574488067515E-16 1 -9.38582308036008E-22 0 0 0;
   -0.06809999999954057 4.4041729189125425E-7 2.5014526753790164E-7 -3.6732051033465739E-6 ...
   -1.0195201156644615E-22 -0.99999999999325373;
   2.5014526756521078E-7 0.11989999999919113 0.06809999999954057 -0.99999999999325373 ...
   2.2776574488258627E-16 3.6732051033465739E-6;
   0.1199 -2.7309112811192956E-17 -1.5510847226373981E-17 2.2776574488067515E-16 ...
   1 -9.38582308036008E-22];
iCub_dmodel.Xtree{16} = ...
  [0.99999999999325373 3.6732051034078064E-6 -5.5512240534132362E-17 0 ...
   0 0;
   5.5511199999812739E-17 2.8327704683441057E-16 1 0 0 0;
   3.6732051034078064E-6 -0.99999999999325373 2.8327684292847633E-16 0 ...
   0 0;
   0 0 0 0.99999999999325373 3.6732051034078064E-6 -5.5512240534132362E-17 ...
   ;
   0 0 0 5.5511199999812739E-17 2.8327704683441057E-16 1;
   0 0 0 3.6732051034078064E-6 -0.99999999999325373 2.8327684292847633E-16 ...
   ];
iCub_dmodel.Xtree{17} = ...
  [6.1232339957367648E-17 0 -0.99999999999999989 0 0 0;
   -3.673205103629851E-6 0.99999999999325362 -2.2491894363860095E-22 0 ...
   0 0;
   0.99999999999325373 3.6732051036298505E-6 6.1232339956954568E-17 0 0 ...
   0;
   0 0 0 6.1232339957367648E-17 0 -0.99999999999999989;
   0 0 0 -3.673205103629851E-6 0.99999999999325362 -2.2491894363860095E-22 ...
   ;
   0 0 0 0.99999999999325373 3.6732051036298505E-6 6.1232339956954568E-17 ...
   ];
iCub_dmodel.Xtree{18} = ...
  [3.6732051593892621E-6 -2.1073424744547039E-8 0.99999999999325351 0 0 ...
   0;
   0.999999999989733 2.6535897932302659E-6 -3.6732051034561055E-6 0 0 0 ...
   ;
   -2.6535897158053525E-6 0.999999999996479 2.1083171924050072E-8 0 0 0 ...
   ;
   4.7120177232315934E-9 8.2132867363943884E-7 1.8237142165259918E-22 3.6732051593892621E-6 ...
   -2.1073424744547039E-8 0.99999999999325351;
   -5.9334267776628732E-7 0.2235999999977043 4.9649124875194668E-17 0.999999999989733 ...
   2.6535897932302659E-6 -3.6732051034561055E-6;
   -0.22359999999921271 -5.9334266045407685E-7 -1.3174840716890495E-22 ...
   -2.6535897158053525E-6 0.999999999996479 2.1083171924050072E-8];
iCub_dmodel.Xtree{19} = ...
  [-0.99999999999999978 1.224646799147353E-16 -2.1073424461344613E-8 0 ...
   0 0;
   7.7529474959702333E-14 0.99999999999325373 -3.6732051035073853E-6 0 ...
   0 0;
   2.1073424461201997E-8 -3.6732051035073861E-6 -0.99999999999325351 0 ...
   0 0;
   0 0 0 -0.99999999999999978 1.224646799147353E-16 -2.1073424461344613E-8 ...
   ;
   -4.4886394102360248E-9 7.8239268704707318E-7 0.21299999999856298 7.7529474959702333E-14 ...
   0.99999999999325373 -3.6732051035073853E-6;
   1.6513778166416596E-14 0.21299999999856303 -7.82392687047073E-7 2.1073424461201997E-8 ...
   -3.6732051035073861E-6 -0.99999999999325351];
iCub_dmodel.Xtree{20} = ...
  [-3.6732051033465739E-6 2.8327694488048792E-16 -0.99999999999325373 0 ...
   0 0;
   0.96592661852422423 -0.25881608839824638 -3.5480465847187326E-6 0 0 ...
   0;
   -0.25881608839650033 -0.96592661853074069 9.5068457645901172E-7 0 0 ...
   0;
   -0.11025999999925615 0.0052505263702558921 4.0500759469648058E-7 -3.6732051033465739E-6 ...
   2.8327694488048792E-16 -0.99999999999325373;
   -0.037088736675085138 -0.13841726580727676 -0.1078618534225718 0.96592661852422423 ...
   -0.25881608839824638 -3.5480465847187326E-6;
   -0.13841717961297376 0.037088340476124464 0.023465947159311745 -0.25881608839650033 ...
   -0.96592661853074069 9.5068457645901172E-7];
iCub_dmodel.Xtree{21} = ...
  [-3.6732051033465739E-6 -2.8327694488048792E-16 -0.99999999999325373 ...
   0 0 0;
   0.99999999998650746 3.67320510362985E-6 -3.6732051033217944E-6 0 0 0 ...
   ;
   3.6732051036050706E-6 -0.99999999999325373 -1.349215245534697E-11 0 ...
   0 0;
   0 0 0 -3.6732051033465739E-6 -2.8327694488048792E-16 -0.99999999999325373 ...
   ;
   0 0 0 0.99999999998650746 3.67320510362985E-6 -3.6732051033217944E-6 ...
   ;
   0 0 0 3.6732051036050706E-6 -0.99999999999325373 -1.349215245534697E-11 ...
   ];
iCub_dmodel.Xtree{22} = ...
  [-0.25881608839819192 -2.1073424734894837E-8 0.965926618530755 0 0 0;
   0.96592661852734008 2.6535897931569485E-6 0.25881608839733478 0 0 0;
   -2.5686271572308385E-6 0.999999999996479 -6.664363485832813E-7 0 0 0 ...
   ;
   0 4.1890402185103633E-19 9.1391439124539282E-27 -0.25881608839819192 ...
   -2.1073424734894837E-8 0.965926618530755;
   0 1.1224362003224453E-19 -1.1508114750860985E-24 0.96592661852734008 ...
   2.6535897931569485E-6 0.25881608839733478;
   0 -2.8902078208994597E-25 -4.33680999998473E-19 -2.5686271572308385E-6 ...
   0.999999999996479 -6.664363485832813E-7];
iCub_dmodel.Xtree{23} = ...
  [0.999999999996479 2.6535897932302651E-6 2.1073424461270743E-8 0 0 0;
   2.1053930101633963E-8 7.3464102070234636E-6 -0.99999999997301481 0 0 ...
   0;
   -2.6535899479726779E-6 0.99999999996949429 7.3464101511291028E-6 0 0 ...
   0;
   4.0408865455190809E-7 -0.15227999999946387 -3.980383839447385E-8 0.999999999996479 ...
   2.6535897932302651E-6 2.1073424461270743E-8;
   1.1187113486361915E-6 -0.014999999996626625 -1.1019612953027286E-7 2.1053930101633963E-8 ...
   7.3464102070234636E-6 -0.99999999997301481;
   0.15228000031145592 5.142848068079404E-7 -0.014999996790481333 -2.6535899479726779E-6 ...
   0.99999999996949429 7.3464101511291028E-6];
iCub_dmodel.Xtree{24} = ...
  [-3.6732051033465739E-6 -2.8327694488048792E-16 -0.99999999999325373 ...
   0 0 0;
   0.99999999998650746 -3.6732051036298518E-6 -3.6732051033217927E-6 0 ...
   0 0;
   -3.6732051036050706E-6 -0.99999999999325373 1.3492719009236731E-11 0 ...
   0 0;
   0 0.014999999999898806 -4.2491541732073191E-18 -3.6732051033465739E-6 ...
   -2.8327694488048792E-16 -0.99999999999325373;
   0 5.5098076549826886E-8 -5.5098076554447775E-8 0.99999999998650746 -3.6732051036298518E-6 ...
   -3.6732051033217927E-6;
   0 -2.0239078513855095E-13 -0.014999999999898806 -3.6732051036050706E-6 ...
   -0.99999999999325373 1.3492719009236731E-11];
iCub_dmodel.Xtree{25} = ...
  [-0.99999999998815281 3.21643715731E-6 -3.6535869401554963E-6 0 0 0;
   3.6535926460912194E-6 1.77396948783559E-6 -0.99999999999175226 0 0 0 ...
   ;
   -3.2164306759317183E-6 -0.99999999999325373 -1.773981239365718E-6 0 ...
   0 0;
   0 0 0 -0.99999999998815281 3.21643715731E-6 -3.6535869401554963E-6;
   0 0 0 3.6535926460912194E-6 1.77396948783559E-6 -0.99999999999175226 ...
   ;
   0 0 0 -3.2164306759317183E-6 -0.99999999999325373 -1.773981239365718E-6 ...
   ];
iCub_dmodel.I = cell(1, 25);
iCub_dmodel.I{1} = ...
  [0.01 3.8889999999987923E-8 -4.263E-5 0 0 0;
   3.8889999999987923E-8 0.01 0 0 0 0;
   -4.263E-5 0 0.01 0 0 0;
   0 0 0 0.1 0 0;
   0 0 0 0 0.1 0;
   0 0 0 0 0 0.1];
iCub_dmodel.I{2} = ...
  [0.01 -5.095E-5 -1.9229999999999857E-6 0 0 0;
   -5.095E-5 0.01 3.849E-7 0 0 0;
   -1.9229999999999857E-6 3.849E-7 0.01 0 0 0;
   0 0 0 0.1 0 0;
   0 0 0 0 0.1 0;
   0 0 0 0 0 0.1];
iCub_dmodel.I{3} = ...
  [0.2710998357156007 -4.7047058212659037E-5 -0.0058886849894552442 -4.2351647362715017E-22 ...
   0.81960225030412914 1.81694447563123E-7;
   -4.7047058212659037E-5 0.20981525258936018 -0.00456694302064597 -0.81960225030412914 ...
   -2.6469779600541328E-23 0.010461669825341446;
   -0.0058886849894552442 -0.00456694302064597 0.11182541687380886 -1.81694447563123E-7 ...
   -0.01046166982534145 -2.4356001678164014E-25;
   0 -0.81960225030412914 -1.81694447563123E-7 6.3468699999999991 -3.3881317890172014E-21 ...
   -5.8739342182770295E-22;
   0.81960225030412914 8.2056316765337383E-22 -0.010461669825341446 -1.6940658945086005E-21 ...
   6.3468699999999991 -1.0542029166076203E-22;
   1.8169444756312298E-7 0.010461669825341443 -1.2119349050038124E-25 -4.8151430342091494E-22 ...
   -5.2461345411761552E-23 6.3468699999999991];
iCub_dmodel.I{4} = ...
  [0.014610890960000001 1.4510000000000006E-6 -2.0589999999999997E-6 0 ...
   -0.0589628 -1.6702801845711915E-17;
   1.4510000000000006E-6 0.014610890960000001 -1.5449999999986937E-6 0.0589628 ...
   0 0;
   -2.0589999999999997E-6 -1.5449999999986937E-6 0.01 1.6702801845711915E-17 ...
   0 0;
   0 0.0589628 1.6702801845711915E-17 0.754 0 0;
   -0.0589628 0 0 0 0.754 0;
   -1.6702801845711915E-17 0 0 0 0 0.754];
iCub_dmodel.I{5} = ...
  [0.02 6.2000000000119457E-8 -1.0835000000000031E-5 0 9.8074001939517075E-19 ...
   3.922960077580683E-18;
   6.2000000000119457E-8 0.020487708515 -7.3999999999997354E-8 -9.8074001939517075E-19 ...
   0 0.016016700000000002;
   -1.0835000000000031E-5 -7.3999999999997341E-8 0.020487708515 -3.922960077580683E-18 ...
   -0.016016700000000002 0;
   0 -9.8074001939517075E-19 -3.922960077580683E-18 0.626 2.0194839173657902E-28 ...
   5.2939559203393771E-23;
   9.8074001939517075E-19 0 -0.016016700000000002 2.0194839173657902E-28 ...
   0.626 1.936118374910625E-23;
   3.922960077580683E-18 0.016016700000000002 0 5.2939559203393771E-23 ...
   1.9361183749491436E-23 0.626];
iCub_dmodel.I{6} = ...
  [0.065284317474999978 -3.4884799999998776E-6 0.00043207475999999996 0 ...
   0.34676024999999994 0.00084824999999990171;
   -3.4884799999998776E-6 0.065288496737499979 9.88638974999843E-5 -0.34676024999999994 ...
   0 -0.003132;
   0.00043207475999999996 9.88638974999843E-5 0.0100048408975 -0.00084824999999990171 ...
   0.003132 0;
   0 -0.34676024999999994 -0.00084824999999990171 2.175 0 0;
   0.34676024999999994 0 0.003132 0 2.175 0;
   0.00084824999999990171 -0.003132 0 0 0 2.175];
iCub_dmodel.I{7} = ...
  [0.010009814318622631 -6.0682408085725191E-5 0.00022249267858347473 -6.4623485355705287E-27 ...
   0.0026670371471978066 0.0023004799999999841;
   -6.0682408085725191E-5 0.0245042256944 4.0680115212138305E-6 -0.0026670371471978066 ...
   0 -0.13537440005620363;
   0.0002224926785834747 4.0680115212138314E-6 0.02450278512297737 -0.0023004799999999841 ...
   0.13537440005620363 -6.4623485355705287E-27;
   6.4623485355705287E-27 -0.0026670371471978066 -0.0023004799999999841 ...
   1.2640000000000002 -4.50457289006732E-32 0;
   0.0026670371471978066 0 0.13537440005620363 -4.5045729268015185E-32 ...
   1.264 2.4651903288156619E-32;
   0.0023004799999999841 -0.13537440005620363 6.4623485355705287E-27 0 ...
   2.4651903288156619E-32 1.2640000000000002];
iCub_dmodel.I{8} = ...
  [0.0102226786874 0.00011070947999999999 5.1470800000003105E-7 0 0.0012159799999999963 ...
   0.0128312;
   0.00011070948000000002 0.0100237354074 9.78559999999355E-8 -0.0012159799999999963 ...
   0 0.0040284000000000006;
   5.1470800000003021E-7 9.78559999999355E-8 0.01024245 -0.0128312 -0.0040284000000000006 ...
   0;
   0 -0.0012159799999999963 -0.0128312 0.746 0 0;
   0.0012159799999999963 0 -0.0040284000000000006 0 0.746 0;
   0.0128312 0.0040284000000000006 0 0 0 0.746];
iCub_dmodel.I{9} = ...
  [0.0100663590529 -1.1245499999999926E-9 -2.66715E-8 0 0.0035343 -0.000224909999999999 ...
   ;
   -1.1245499999999926E-9 0.010066091414725 -4.1888169999999817E-6 -0.0035343 ...
   0 9.4500000000000006E-7;
   -2.66715E-8 -4.1888169999999817E-6 0.010000267647625 0.000224909999999999 ...
   -9.4500000000000006E-7 0;
   0 -0.0035343 0.000224909999999999 0.189 0 0;
   0.0035343 0 -9.4500000000000006E-7 0 0.189 0;
   -0.000224909999999999 9.4500000000000006E-7 0 0 0 0.189];
iCub_dmodel.I{10} = ...
  [0.0100563622491 -8.5688399999999882E-8 5.7149902E-7 0 0.0011223299999999991 ...
   -0.0029714000000000003;
   -8.5688399999999882E-8 0.010007038590744 1.8933220000000097E-6 -0.0011223299999999991 ...
   0 -1.6825999999999998E-5;
   5.7149902E-7 1.8933220000000097E-6 0.010049326821644 0.0029714000000000003 ...
   1.6825999999999998E-5 0;
   0 -0.0011223299999999991 0.0029714000000000003 0.179 0 0;
   0.0011223299999999991 0 1.6825999999999998E-5 0 0.179 0;
   -0.0029714000000000003 -1.6825999999999998E-5 0 0 0 0.179];
iCub_dmodel.I{11} = ...
  [0.027354207704983168 -1.5347747731565411E-7 -0.0011070874609820226 0 ...
   -0.079011914396343585 -5.672164358017702E-5;
   -1.5347747731565395E-7 0.027519461763351398 9.102007522758348E-6 0.0790119143963436 ...
   0 -0.01167764062686;
   -0.0011070874609820226 9.102007522758348E-6 0.020165271227625514 5.672164358017702E-5 ...
   0.01167764062686 0;
   0 0.0790119143963436 5.672164358017702E-5 0.884 0 0;
   -0.0790119143963436 0 0.01167764062686 0 0.884 0;
   -5.672164358017702E-5 -0.01167764062686 0 0 0 0.884];
iCub_dmodel.I{12} = ...
  [0.01000148666 5.445E-7 -3.2700000000000174E-8 0 -0.00037099999999999996 ...
   0.00010500000000000011;
   5.445E-7 0.01000154541 -1.8550000000000375E-8 0.00037099999999999996 ...
   0 0.00013;
   -3.2700000000000174E-8 -1.8550000000000427E-8 0.01000027925 -0.00010500000000000011 ...
   -0.00013 0;
   0 0.00037099999999999996 -0.00010500000000000011 0.1 0 0;
   -0.00037099999999999996 0 -0.00013 0 0.1 0;
   0.00010500000000000011 0.00013 0 0 0 0.1];
iCub_dmodel.I{13} = ...
  [0.043371357933745 3.0819204631704645E-5 0.00030657639891907337 5.9557004103817993E-23 ...
   -0.09258388452312713 -0.00078435547676035345;
   3.0819204631704645E-5 0.043356161224267914 -0.00022306704929494147 0.09258388452312713 ...
   2.6469779601793182E-23 0.0013088862456794221;
   0.00030657639891907331 -0.00022306704929494139 0.0300361991919385 0.00078435547676035367 ...
   -0.0013088862456794219 -9.62964972193618E-35;
   3.3087224502121107E-23 0.09258388452312713 0.00078435547676035345 0.838 ...
   -1.0587911840678761E-22 -2.1175823681357506E-22;
   -0.09258388452312713 4.81482486096809E-35 -0.0013088862456794217 -1.4996556594558275E-38 ...
   0.838 0;
   -0.00078435547676035367 0.0013088862456794219 -8.27180612601176E-25 ...
   -5.2939559203393771E-23 0 0.838];
iCub_dmodel.I{14} = ...
  [0.020000000000007588 0 3.1956884399870516E-9 0 -2.7549038275601409E-8 ...
   0;
   0 0.02146119999999585 0 2.7549038275601409E-8 0 0.0081999999999494023 ...
   ;
   3.1956884399870516E-9 0 0.021461199999988263 0 -0.008199999999949404 ...
   0;
   0 2.7549038275601409E-8 0 0.350 0 0;
   -2.7549038275601409E-8 0 -0.008199999999949404 0 0.350 0;
   0 0.0081999999999494023 0 0 0 0.350];
iCub_dmodel.I{15} = ...
  [0.014610890960000001 0 0 0 0.0589628 -1.6702801845711915E-17;
   0 0.014610890960000001 -1.3061591043346721E-18 -0.0589628 0 0;
   0 -1.3061591043346721E-18 0.01 1.6702801845711915E-17 0 0;
   0 -0.0589628 1.6702801845711915E-17 0.754 0 0;
   0.0589628 0 0 0 0.754 0;
   -1.6702801845711915E-17 0 0 0 0 0.754];
iCub_dmodel.I{16} = ...
  [0.02 -4.0520163579192491E-40 -2.9863533590583113E-20 0 -9.8074001939517075E-19 ...
   0;
   4.0520163579192491E-40 0.020487708515 -6.6174449004242214E-24 9.8074001939517075E-19 ...
   0 -0.016016700000000002;
   -2.9863533590583113E-20 6.6174449004242214E-24 0.020487708515 0 0.016016700000000002 ...
   0;
   0 9.8074001939517075E-19 0 0.626 0 0;
   -9.8074001939517075E-19 0 0.016016700000000002 0 0.626 0;
   0 -0.016016700000000002 0 0 0 0.626];
iCub_dmodel.I{17} = ...
  [0.065284317474999978 -1.2214799999998585E-6 -0.00049933475999999993 ...
   0 -0.34676024999999994 0.00084824999999990171;
   -1.2214799999998585E-6 0.065288496737499979 -0.0001352364974999843 0.34676024999999994 ...
   0 -0.003132;
   -0.00049933475999999993 -0.0001352364974999843 0.0100048408975 -0.00084824999999990171 ...
   0.003132 0;
   0 0.34676024999999994 -0.00084824999999990171 2.175 0 0;
   -0.34676024999999994 0 0.003132 0 2.175 0;
   0.00084824999999990171 -0.003132 0 0 0 2.175];
iCub_dmodel.I{18} = ...
  [0.010009814340038833 -0.00024638140789770752 -0.00028564028941652491 ...
   -6.4623485355705287E-27 -0.0026670428528021923 0.0023004799999999837 ...
   ;
   -0.00024638140789770752 0.0245042256944 -4.8540179920999546E-6 0.0026670428528021923 ...
   0 -0.13537439994379633;
   -0.00028564028941652491 -4.8540179920999555E-6 0.024502785101561165 ...
   -0.0023004799999999832 0.13537439994379633 -6.4623485355705287E-27;
   6.4623485355705287E-27 0.0026670428528021923 -0.0023004799999999837 ...
   1.2640000000000002 -4.50457289006732E-32 0;
   -0.0026670428528021923 0 0.13537439994379633 -4.5045729268015185E-32 ...
   1.264 2.4651903288156619E-32;
   0.0023004799999999832 -0.13537439994379633 6.4623485355705287E-27 0 ...
   2.4651903288156619E-32 1.2640000000000002];
iCub_dmodel.I{19} = ...
  [0.0102226786874 6.9288479999999984E-5 6.5662919999999787E-6 0 -0.0012159799999999963 ...
   0.0128312;
   6.928848E-5 0.0100237354074 -2.0914855999999941E-5 0.0012159799999999963 ...
   0 0.0040284000000000006;
   6.56629199999998E-6 -2.0914855999999941E-5 0.01024245 -0.0128312 -0.0040284000000000006 ...
   0;
   0 0.0012159799999999963 -0.0128312 0.746 0 0;
   -0.0012159799999999963 0 -0.0040284000000000006 0 0.746 0;
   0.0128312 0.0040284000000000006 0 0 0 0.746];
iCub_dmodel.I{20} = ...
  [0.0100663590529 2.1245500000000013E-9 3.3284999999999953E-9 0 -0.0035343 ...
   -0.000224909999999999;
   2.1245500000000013E-9 0.010066091414725 -1.4183000000018609E-8 0.0035343 ...
   0 -9.4500000000000006E-7;
   3.3284999999999953E-9 -1.4183000000018609E-8 0.010000267647625 0.000224909999999999 ...
   9.4500000000000006E-7 0;
   0 0.0035343 0.000224909999999999 0.189 0 0;
   -0.0035343 0 9.4500000000000006E-7 0 0.189 0;
   -0.000224909999999999 -9.4500000000000006E-7 0 0 0 0.189];
iCub_dmodel.I{21} = ...
  [0.0100563622491 -7.6311600000000113E-8 5.5849902E-7 0 -0.0011223299999999991 ...
   -0.0029714000000000003;
   -7.6311600000000113E-8 0.010007038590744 -2.0693220000000097E-6 0.0011223299999999991 ...
   0 1.6825999999999998E-5;
   5.5849902E-7 -2.0693220000000097E-6 0.010049326821644 0.0029714000000000003 ...
   -1.6825999999999998E-5 0;
   0 0.0011223299999999991 0.0029714000000000003 0.179 0 0;
   -0.0011223299999999991 0 -1.6825999999999998E-5 0 0.179 0;
   -0.0029714000000000003 1.6825999999999998E-5 0 0 0 0.179];
iCub_dmodel.I{22} = ...
  [0.027362680104038056 1.5962207496246669E-6 -0.0011076475686238158 7.9409338805090657E-23 ...
   0.079011933724439987 5.6430674394739157E-5;
   1.5962207496246674E-6 0.0275279958538312 8.6525330266972783E-6 -0.079011933724440042 ...
   -5.2939559195882644E-23 0.011677638354877526;
   -0.001107647568623816 8.6525330266972783E-6 0.020165325841397991 -5.6430674394739157E-5 ...
   -0.011677638354877524 0;
   1.0587871451000407E-22 -0.079011933724440042 -5.6430674394739157E-5 ...
   0.884 4.2351646467828871E-22 0;
   0.079011933724440014 -1.0587911840370605E-22 -0.011677638354877524 8.4703293830448546E-22 ...
   0.8839999999999999 4.235164914874541E-22;
   5.643067439473917E-5 0.011677638354877526 2.0194839173657902E-28 3.3087224502121107E-24 ...
   4.2351648257579106E-22 0.8839999999999999];
iCub_dmodel.I{23} = ...
  [0.01000148666 5.355E-7 -1.970000000000015E-8 0 0.00037099999999999996 ...
   -0.00010500000000000011;
   5.355E-7 0.01000154541 -1.8550000000000375E-8 -0.00037099999999999996 ...
   0 -0.00013;
   -1.970000000000015E-8 -1.8550000000000427E-8 0.01000027925 0.00010500000000000011 ...
   0.00013 0;
   0 -0.00037099999999999996 0.00010500000000000011 0.1 0 0;
   0.00037099999999999996 0 0.00013 0 0.1 0;
   -0.00010500000000000011 -0.00013 0 0 0 0.1];
iCub_dmodel.I{24} = ...
  [0.043371356679390315 2.9070497982113307E-5 0.00030915631972969237 -3.3087224502121107E-23 ...
   0.092583879973096736 0.00078431578174320777;
   2.9070497982113304E-5 0.043356159264544405 -0.00022171424811491644 -0.092583879973096722 ...
   -1.4444474582904269E-34 -0.0013088862458085172;
   0.00030915631972969237 -0.00022171424811491641 0.030036199907139991 ...
   -0.000784315781743208 0.0013088862458085168 1.4444474582904269E-34;
   -3.3087224502121107E-23 -0.092583879973096722 -0.00078431578174320755 ...
   0.838 -2.999311318911655E-38 -1.0587911840678754E-22;
   0.092583879973096736 3.9704669402545328E-23 0.0013088862458085168 -1.0587911840678759E-22 ...
   0.83800000000000008 6.7590107230315633E-23;
   0.000784315781743208 -0.0013088862458085168 8.2718061255302767E-25 -1.5881867761018129E-22 ...
   6.7590107230315633E-23 0.83800000000000008];
iCub_dmodel.I{25} = ...
  [0.020000000000007588 1.6222569385366703E-19 3.1956884398192319E-9 0 ...
   2.7549038274659638E-8 -9.1038206550375312E-19;
   1.6222569385366664E-19 0.02146119999999585 -3.5479246406916832E-25 -2.7549038274659638E-8 ...
   -3.860470384894245E-35 -0.0081999999999494023;
   3.1956884398192319E-9 -3.5479246410589811E-25 0.021461199999988263 9.1038206550375331E-19 ...
   0.008199999999949404 4.8148204927996282E-35;
   0 -2.7549038274659638E-8 9.1038206550375331E-19 0.350 0 0;
   2.7549038274659638E-8 -5.7691793370419343E-35 0.008199999999949404 0 ...
   0.350 -4.2018672241088549E-34;
   -9.1038206550375312E-19 -0.0081999999999494023 4.8148292291365516E-35 ...
   0 -4.2018672241088549E-34 0.350];
iCub_dmodel.damping = [0 0 0 0 0 0 0 0 0 0 0 0 0 0 0 0 0 0 0 0 0 0 0 0 ...
                       0];
iCub_dmodel.coulomb_friction = [0 0 0 0 0 0 0 0 0 0 0 0 0 0 0 0 0 0 0 0 ...
                                0 0 0 0 0];
iCub_dmodel.static_friction = [0 0 0 0 0 0 0 0 0 0 0 0 0 0 0 0 0 0 0 0 ...
                               0 0 0 0 0];
iCub_dmodel.coulomb_window = [2.2204460492503131E-16 2.2204460492503131E-16 ...
                              2.2204460492503131E-16 2.2204460492503131E-16 ...
                              2.2204460492503131E-16 2.2204460492503131E-16 ...
                              2.2204460492503131E-16 2.2204460492503131E-16 ...
                              2.2204460492503131E-16 2.2204460492503131E-16 ...
                              2.2204460492503131E-16 2.2204460492503131E-16 ...
                              2.2204460492503131E-16 2.2204460492503131E-16 ...
                              2.2204460492503131E-16 2.2204460492503131E-16 ...
                              2.2204460492503131E-16 2.2204460492503131E-16 ...
                              2.2204460492503131E-16 2.2204460492503131E-16 ...
                              2.2204460492503131E-16 2.2204460492503131E-16 ...
                              2.2204460492503131E-16 2.2204460492503131E-16 ...
                              2.2204460492503131E-16];
iCub_dmodel.jtype = cell(1, 25);
iCub_dmodel.jtype{1} = 'R';
iCub_dmodel.jtype{2} = 'R';
iCub_dmodel.jtype{3} = 'R';
iCub_dmodel.jtype{4} = 'R';
iCub_dmodel.jtype{5} = 'R';
iCub_dmodel.jtype{6} = 'R';
iCub_dmodel.jtype{7} = 'R';
iCub_dmodel.jtype{8} = 'R';
iCub_dmodel.jtype{9} = 'R';
iCub_dmodel.jtype{10} = 'R';
iCub_dmodel.jtype{11} = 'R';
iCub_dmodel.jtype{12} = 'R';
iCub_dmodel.jtype{13} = 'R';
iCub_dmodel.jtype{14} = 'R';
iCub_dmodel.jtype{15} = 'R';
iCub_dmodel.jtype{16} = 'R';
iCub_dmodel.jtype{17} = 'R';
iCub_dmodel.jtype{18} = 'R';
iCub_dmodel.jtype{19} = 'R';
iCub_dmodel.jtype{20} = 'R';
iCub_dmodel.jtype{21} = 'R';
iCub_dmodel.jtype{22} = 'R';
iCub_dmodel.jtype{23} = 'R';
iCub_dmodel.jtype{24} = 'R';
iCub_dmodel.jtype{25} = 'R';
iCub_dmodel.appearance = cell(1, 25);
iCub_dmodel.appearance{1} = '1';
iCub_dmodel.appearance{2} = '1';
iCub_dmodel.appearance{3} = '1';
iCub_dmodel.appearance{4} = '1';
iCub_dmodel.appearance{5} = '1';
iCub_dmodel.appearance{6} = '1';
iCub_dmodel.appearance{7} = '1';
iCub_dmodel.appearance{8} = '1';
iCub_dmodel.appearance{9} = '1';
iCub_dmodel.appearance{10} = '1';
iCub_dmodel.appearance{11} = '1';
iCub_dmodel.appearance{12} = '1';
iCub_dmodel.appearance{13} = '1';
iCub_dmodel.appearance{14} = '1';
iCub_dmodel.appearance{15} = '1';
iCub_dmodel.appearance{16} = '1';
iCub_dmodel.appearance{17} = '1';
iCub_dmodel.appearance{18} = '1';
iCub_dmodel.appearance{19} = '1';
iCub_dmodel.appearance{20} = '1';
iCub_dmodel.appearance{21} = '1';
iCub_dmodel.appearance{22} = '1';
iCub_dmodel.appearance{23} = '1';
iCub_dmodel.appearance{24} = '1';
iCub_dmodel.appearance{25} = '1';
iCub_dmodel.linkname = cell(1, 25);
iCub_dmodel.linkname{1} = 'lap_belt_1';
iCub_dmodel.linkname{2} = 'lap_belt_2';
iCub_dmodel.linkname{3} = 'chest+torso+neck_1+neck_2+head+imu_frame';
iCub_dmodel.linkname{4} = 'l_hip_1';
iCub_dmodel.linkname{5} = 'l_hip_2+l_hip_3';
iCub_dmodel.linkname{6} = 'l_thigh';
iCub_dmodel.linkname{7} = 'l_shank';
iCub_dmodel.linkname{8} = 'l_ankle_1';
iCub_dmodel.linkname{9} = 'l_shoulder_1';
iCub_dmodel.linkname{10} = 'l_shoulder_2';
iCub_dmodel.linkname{11} = 'l_upper_arm+l_arm';
iCub_dmodel.linkname{12} = 'l_elbow_1';
iCub_dmodel.linkname{13} = 'l_forearm+l_wrist_1+l_hand+l_gripper';
iCub_dmodel.linkname{14} = 'l_upper_foot+l_foot+l_sole';
iCub_dmodel.linkname{15} = 'r_hip_1';
iCub_dmodel.linkname{16} = 'r_hip_2+r_hip_3';
iCub_dmodel.linkname{17} = 'r_thigh';
iCub_dmodel.linkname{18} = 'r_shank';
iCub_dmodel.linkname{19} = 'r_ankle_1';
iCub_dmodel.linkname{20} = 'r_shoulder_1';
iCub_dmodel.linkname{21} = 'r_shoulder_2';
iCub_dmodel.linkname{22} = 'r_upper_arm+r_arm';
iCub_dmodel.linkname{23} = 'r_elbow_1';
iCub_dmodel.linkname{24} = 'r_forearm+r_wrist_1+r_hand+r_gripper';
iCub_dmodel.linkname{25} = 'r_upper_foot+r_foot+r_sole';
iCub_dmodel.jointname = cell(1, 25);
iCub_dmodel.jointname{1} = 'torso_pitch';
iCub_dmodel.jointname{2} = 'torso_roll';
iCub_dmodel.jointname{3} = 'torso_yaw';
iCub_dmodel.jointname{4} = 'l_hip_pitch';
iCub_dmodel.jointname{5} = 'l_hip_roll';
iCub_dmodel.jointname{6} = 'l_hip_yaw';
iCub_dmodel.jointname{7} = 'l_knee';
iCub_dmodel.jointname{8} = 'l_ankle_pitch';
iCub_dmodel.jointname{9} = 'l_shoulder_pitch';
iCub_dmodel.jointname{10} = 'l_shoulder_roll';
iCub_dmodel.jointname{11} = 'l_shoulder_yaw';
iCub_dmodel.jointname{12} = 'l_elbow';
iCub_dmodel.jointname{13} = 'l_wrist_prosup';
iCub_dmodel.jointname{14} = 'l_ankle_roll';
iCub_dmodel.jointname{15} = 'r_hip_pitch';
iCub_dmodel.jointname{16} = 'r_hip_roll';
iCub_dmodel.jointname{17} = 'r_hip_yaw';
iCub_dmodel.jointname{18} = 'r_knee';
iCub_dmodel.jointname{19} = 'r_ankle_pitch';
iCub_dmodel.jointname{20} = 'r_shoulder_pitch';
iCub_dmodel.jointname{21} = 'r_shoulder_roll';
iCub_dmodel.jointname{22} = 'r_shoulder_yaw';
iCub_dmodel.jointname{23} = 'r_elbow';
iCub_dmodel.jointname{24} = 'r_wrist_prosup';
iCub_dmodel.jointname{25} = 'r_ankle_roll';

