% -------------------------------------------------------------------
%  MATLAB file generated by Simulink.saveVars on 6-Jan-2015 17:50:07
%  MATLAB version: 8.0.0.783 (R2012b)
% -------------------------------------------------------------------
                               

iCub_dmodel = struct;
iCub_dmodel.NB = 25;
iCub_dmodel.f_ext_map_from = [2 3 4 5 6 7 8 9 10 11 12 13 14 15 16 17 18 ...
                              19 20 21 22 23 24 25 26];
iCub_dmodel.f_ext_map_to = [1 2 3 4 5 6 7 8 9 10 11 12 13 14 15 16 17 18 ...
                            19 20 21 22 23 24 25];
iCub_dmodel.parent = [0 1 2 0 4 5 6 7 3 9 10 11 12 8 0 15 16 17 18 3 20 ...
                      21 22 23 19];
iCub_dmodel.position_num = [1 2 3 4 5 6 7 8 9 10 11 12 13 14 15 16 17 18 ...
                            19 20 21 22 23 24 25];
iCub_dmodel.pitch = [0 0 0 0 0 0 0 0 0 0 0 0 0 0 0 0 0 0 0 0 0 0 0 0 0];
iCub_dmodel.Xtree = cell(1, 25);
iCub_dmodel.Xtree{1} = ...
  [3.6732051033336414E-6 -9.7471795711316283E-12 0.99999999999325373 0 ...
   0 0;
   -0.999999999989733 2.6535897930793064E-6 3.6732051033465739E-6 0 0 0 ...
   ;
   -2.6535897930972085E-6 -0.99999999999647926 -9.38582308036008E-22 0 ...
   0 0;
   0 0 0 3.6732051033336414E-6 -9.7471795711316283E-12 0.99999999999325373 ...
   ;
   0 0 0 -0.999999999989733 2.6535897930793064E-6 3.6732051033465739E-6 ...
   ;
   0 0 0 -2.6535897930972085E-6 -0.99999999999647926 -9.38582308036008E-22 ...
   ];
iCub_dmodel.Xtree{2} = ...
  [-3.6732051033465739E-6 -2.8327694488048792E-16 -0.99999999999325373 ...
   0 0 0;
   0.99999999998650746 -3.6732051036298518E-6 -3.6732051033217927E-6 0 ...
   0 0;
   -3.6732051036050706E-6 -0.99999999999325373 1.3492719009236731E-11 0 ...
   0 0;
   0 0.031999999999784118 -9.0648622361756122E-18 -3.6732051033465739E-6 ...
   -2.8327694488048792E-16 -0.99999999999325373;
   -9.8175956727777212E-57 1.1754256330629736E-7 -1.1754256331615527E-7 ...
   0.99999999998650746 -3.6732051036298518E-6 -3.6732051033217927E-6;
   -2.6727599999819688E-51 -4.3176700829557537E-13 -0.031999999999784118 ...
   -3.6732051036050706E-6 -0.99999999999325373 1.3492719009236731E-11];
iCub_dmodel.Xtree{3} = ...
  [-3.6732051033465739E-6 -2.8327694488048792E-16 -0.99999999999325373 ...
   0 0 0;
   0.99999999998650746 3.67320510362985E-6 -3.6732051033217944E-6 0 0 0 ...
   ;
   3.6732051036050706E-6 -0.99999999999325373 -1.349215245534697E-11 0 ...
   0 0;
   0 2.0202628068406155E-8 -5.7229387578134972E-24 -3.6732051033465739E-6 ...
   -2.8327694488048792E-16 -0.99999999999325373;
   2.020262806996418E-8 -0.0054999999999257908 1.5580231968321726E-18 0.99999999998650746 ...
   3.67320510362985E-6 -3.6732051033217944E-6;
   -0.0054999999999628948 -2.0202628069827887E-8 5.7229387589625385E-24 ...
   3.6732051036050706E-6 -0.99999999999325373 -1.349215245534697E-11];
iCub_dmodel.Xtree{4} = ...
  [-3.6732051033465739E-6 1.0195201156644615E-22 -0.99999999999325373 0 ...
   0 0;
   -0.999999999989733 2.6535897930972085E-6 3.6732051033336414E-6 0 0 0 ...
   ;
   2.6535897930793064E-6 0.99999999999647926 -9.7471795700910933E-12 0 ...
   0 0;
   0.06809999999954057 4.4041729189125425E-7 -2.5014526753790164E-7 -3.6732051033465739E-6 ...
   1.0195201156644615E-22 -0.99999999999325373;
   6.802014865533436E-8 0.11989999999876899 -0.068099999999300817 -0.999999999989733 ...
   2.6535897930972085E-6 3.6732051033336414E-6;
   0.11990000000024166 -3.1816541619020886E-7 1.8070946490870078E-7 2.6535897930793064E-6 ...
   0.99999999999647926 -9.7471795700910933E-12];
iCub_dmodel.Xtree{5} = ...
  [-0.999999999989733 -3.673205103394873E-6 -2.6535897931355571E-6 0 0 ...
   0;
   -2.6535897931176542E-6 -9.7474628471768352E-12 0.99999999999647926 0 ...
   0 0;
   -3.6732051034078064E-6 0.99999999999325373 2.8327668044296403E-16 0 ...
   0 0;
   0 0 0 -0.999999999989733 -3.673205103394873E-6 -2.6535897931355571E-6 ...
   ;
   0 0 0 -2.6535897931176542E-6 -9.7474628471768352E-12 0.99999999999647926 ...
   ;
   0 0 0 -3.6732051034078064E-6 0.99999999999325373 2.8327668044296403E-16 ...
   ];
iCub_dmodel.Xtree{6} = ...
  [2.6535897932735955E-6 1.2931849096629333E-17 0.99999999999647915 0 0 ...
   0;
   3.67321485055156E-6 -0.99999999999325362 -9.7471925040916909E-12 0 0 ...
   0;
   0.999999999989733 3.6732148505644921E-6 -2.6535897932556934E-6 0 0 0 ...
   ;
   0 0 0 2.6535897932735955E-6 1.2931849096629333E-17 0.99999999999647915 ...
   ;
   0 0 0 3.67321485055156E-6 -0.99999999999325362 -9.7471925040916909E-12 ...
   ;
   0 0 0 0.999999999989733 3.6732148505644921E-6 -2.6535897932556934E-6 ...
   ];
iCub_dmodel.Xtree{7} = ...
  [3.6732051593892621E-6 2.107342417799315E-8 -0.99999999999325351 0 0 ...
   0;
   0.999999999989733 -2.6535897932302642E-6 3.6732051034561071E-6 0 0 0 ...
   ;
   -2.6535897158053525E-6 -0.999999999996479 -2.1083171357496184E-8 0 0 ...
   0;
   4.712017695848393E-9 -8.2132867363943884E-7 1.8237142165259918E-22 3.6732051593892621E-6 ...
   2.107342417799315E-8 -0.99999999999325351;
   -5.9334267776628732E-7 -0.2235999999977043 4.9649124875194668E-17 0.999999999989733 ...
   -2.6535897932302642E-6 3.6732051034561071E-6;
   -0.22359999999921271 5.9334266045407685E-7 -1.3174840716890495E-22 -2.6535897158053525E-6 ...
   -0.999999999996479 -2.1083171357496184E-8];
iCub_dmodel.Xtree{8} = ...
  [-0.99999999999999978 1.224646799147353E-16 -2.1073424461344613E-8 0 ...
   0 0;
   -7.7284545605036027E-14 0.99999999999325373 3.673205103752315E-6 0 0 ...
   0;
   2.1073424461202897E-8 3.6732051037523158E-6 -0.99999999999325351 0 0 ...
   0;
   0 0 0 -0.99999999999999978 1.224646799147353E-16 -2.1073424461344613E-8 ...
   ;
   -4.4886394102362167E-9 -7.8239268709924321E-7 0.21299999999856298 -7.7284545605036027E-14 ...
   0.99999999999325373 3.673205103752315E-6;
   -1.6461608213872672E-14 0.21299999999856303 7.82392687099243E-7 2.1073424461202897E-8 ...
   3.6732051037523158E-6 -0.99999999999325351];
iCub_dmodel.Xtree{9} = ...
  [-3.6732051033465739E-6 2.277657448804879E-16 -0.99999999999325373 0 ...
   0 0;
   0.96592661852422423 0.25881608839824638 -3.5480465845864667E-6 0 0 0 ...
   ;
   0.25881608839650033 -0.96592661853074069 -9.5068457695264156E-7 0 0 ...
   0;
   0.11025999999925613 0.0052505263702558921 -4.0500759469379733E-7 -3.6732051033465739E-6 ...
   2.277657448804879E-16 -0.99999999999325373;
   0.037088736675085138 -0.13841726580727681 0.10786185342257172 0.96592661852422423 ...
   0.25881608839824638 -3.5480465845864667E-6;
   -0.13841717961297376 -0.037088340476124484 0.023465947159311724 0.25881608839650033 ...
   -0.96592661853074069 -9.5068457695264156E-7];
iCub_dmodel.Xtree{10} = ...
  [-3.6732051033465739E-6 -2.8327694488048792E-16 0.99999999999325373 0 ...
   0 0;
   0.99999999998650746 3.67320510362985E-6 3.6732051033217944E-6 0 0 0;
   -3.6732051036050706E-6 0.99999999999325373 -1.349215245534697E-11 0 ...
   0 0;
   0 0 0 -3.6732051033465739E-6 -2.8327694488048792E-16 0.99999999999325373 ...
   ;
   0 0 0 0.99999999998650746 3.67320510362985E-6 3.6732051033217944E-6;
   0 0 0 -3.6732051036050706E-6 0.99999999999325373 -1.349215245534697E-11 ...
   ];
iCub_dmodel.Xtree{11} = ...
  [0.2588160883982461 2.7362474147797467E-16 0.9659266185307408 0 0 0;
   -0.9659266185307408 1.2084330807868065E-17 0.2588160883982461 0 0 0;
   5.9145908483859883E-17 -1 2.6742904051277104E-16 0 0 0;
   0 3.0069423015175338E-20 -8.5179742861153636E-36 0.2588160883982461 ...
   2.7362474147797467E-16 0.9659266185307408;
   1.06220895456E-34 -1.7878558437302864E-18 4.7990305620575927E-34 -0.9659266185307408 ...
   1.2084330807868065E-17 0.2588160883982461;
   1.73472E-18 -1.3377303353497654E-35 -4.33681E-19 5.9145908483859883E-17 ...
   -1 2.6742904051277104E-16];
